
*E01


858000015612019

858000017898969

858000017217204

858000009808586

858000015612956

858000007635588

858000015612104

858000017217203

858000017217230

858000015612100

858000017898979

858000007635555

858000017217233

858000017215923

858000009808585

858000017217232

858000007635586

858000017898983

858000007502228

858000015612137

858000017217213

858000015612013

858000017215922

858000017215978

858000007502216

858000017215961

858000007635593

858000015612946

858000009808591

858000017217229

858000017217236

858000015612942

858000017217215

858000015612009

858000017898970

858000015612011

858000007635511

858000015612945

858000015612002

858000007502202

858000007635585

858000009808599

858000017898995

858000007502236

858000017215975

858000007502221

858000009808592

858000007635599

858000017217226

858000007502205

858000015612139

858000007635512

858000017215973

858000007635492

858000017217227

858000015612136

858000015612001

858000017217206

858000017215962

858000007635590

858000017898964

858000017215995

858000015612005

858000017898988

858000009808594

858000017898980

858000017217210

858000017215966

858000007635554

858000007635558

858000017217234

858000017898976

858000015612102

858000007635582

858000009808588

858000007502233

858000015612138

858000015612010

858000007635524

858000017898961

858000009808582

858000007635510

858000017215926

858000006618253

858000017898972

858000006618255

858000015612007

858000009808584

858000017898971

858000015612135

858000007635543

858000015612133

858000009808598

858000017215996

858000017898981

858000017215933

858000017215925

858000007502225

858000007635551

858000007502229

858000007502242

858000007635549

858000017217239

858000015612008

858000017215924

858000007635494

858000007635529

858000007502230

858000017215977

858000017217218

858000017217200

858000007635496

858000015612134

858000017217202

858000007635457

858000015612018

858000017217216

858000007502231

858000007635589

858000009808580

858000015612004

858000015612103

858000017217208

858000007502212

858000009808597

858000007502243

858000007635594

858000007502203

858000017217219

858000017898990

858000007502206

858000015612003

858000017217205

858000015612012

858000007635479

858000009808596

858000015612941

858000014387219

858000009808595

858000017217209

858000007635522

858000017217228

858000017215963

858000009808583

858000017217217

858000017217235

858000015612014

858000017215960

858000015612015

858000017217211

858000009808587

858000017217207

858000007502214

858000017215967

858000015612016

858000009808593

858000015612947

858000017898985

858000020081900

858000017215936

858000009808589

858000017215931

858000017898992

858000017215976

858000015612017

858000017215971

858000017215921

858000017898999

000000000000000

858000007503354

858000007635556

858000007502211

858000007635509

858000007502215

858000007635452

858000007635539

858000007635520

858000007635459

858000017898960

858000007635485

000000000000000

858000007635403

858000006777174

858000004370508

858000003259070

858000002817672

858000006777183

858000006777132

858000000964425

858000002817640

858000007635432

858000007635425

858000007635434

858000007635400

858000006751760

858000007502302

858000006751779

858000006777198

858000007635404

858000007502397

858000007502320

858000003259198

000000000000000

858000007502220

858000024168312

858000024168213

858000024168256

858000024346102

858000024168233

858000020081927

858000024168293

858000024168297

858000024168201

858000024168277

858000024168324

858000024168248

858000024168276

858000024168200

000000000000000

858000024168249

858000024168301

858000024168311

858000024168223

858000024168203

858000024168283

858000024168275

858000024168239

858000024168253

858000024168217

858000024168218

858000024168307

858000024168225

858000024168208

858000024168317

858000024168265

858000024168270

858000024168263

858000024168267

858000024168309

858000024168219

858000024168254

858000024168288

858000024168261

858000024168273

858000024168259

858000024168303

858000024168211

858000024168250

858000024168258

858000024168308

858000024168209

858000024168260

858000024168251

858000024168305

858000024168241

858000024168319

858000024168224

858000024168222

858000024168210

858000024168244

858000024168315

858000024168304

858000024168290

858000024168202

858000022698659

858000024168226

858000024168215

858000024168230

858000024168236

858000024168316

858000024168237

858000024168302

858000024168257

858000020081923

858000024168300

858000024168306

858000024168271

858000024168246

858000024168243

858000024168266

858000024168287

858000024168313

858000024168334

858000024168229

858000024168205

858000024168232

858000024168207

858000024168231

858000024168289

858000024168318

858000024168245

858000020081928

858000024168281

858000024168314

858000024168280

858000024168220

858000024168214

858000020081929

858000024168310

858000024168282

858000024168285

858000024168279

858000024168274

858000024168227

858000024168264

858000024168242

858000024168206

858000024168330

858000024168228

858000024168268

858000024168262

858000024168240

858000024168221

858000024168234

858000020081920

858000024168278

858000024168252

858000024168212

858000024168238

858000024168272

858000024168247

858000024168269

858000024168204

000000000000000

858000000984680

858000007502358

858000007635565

858000001009099

858000006777196

858000002792510

858000007635411

858000000984663

858000007502379

858000007502306

858000007502322

858000006777153

858000003259079

858000007502316

858000006777035

858000006777193

858000002792517

858000006751777

858000012970278

858000007635576

858000004376127

858000006777021

858000006777028

858000007502391

858000004370467

858000003259208

858000006777128

858000001009094

858000007502338

858000009624018

858000006777018

858000000984697

858000006618245

858000006751778

858000000984687

858000006777166

858000007502372

858000006777139

858000014370386

858000006777176

858000004370548

858000000964306

858000007502355

858000006777144

858000004370461

858000006777199

858000007502356

858000003259076

858000006751784

858000001009082

858000014387252

858000007635568

858000007635424

858000007502382

858000007635406

858000007502312

858000002817645

858000007635563

858000007635414

858000003259060

858000007635561

858000017217303

858000006777161

858000007502319

858000002817665

858000004370594

858000014370367

858000009624008

858000014370373

858000007635430

858000007635566

858000007635423

858000007635574

858000006777030

858000006777187

858000004370486

858000000984652

858000001009083

858000004370488

858000006777163

858000004370483

858000007635437

858000007502394

858000007635405

858000007635413

858000007502361

858000004370479

858000007502386

858000007635415

858000007502364

858000007635577

858000007502383

858000002817647

858000014387229

858000007502373

858000007502321

858000004370577

858000002817692

858000007502381

858000006777182

858000001009097

858000007502384

858000000984703

858000007502374

858000006777181

858000007502365

858000007635569

858000007635433

858000004370459

858000004370453

858000003259066

858000004370457

858000007502333

858000004370478

858000017217316

858000021170558

858000021170556

858000021170557

858000021170555

858000021170553

858000021170559

858000021170554

858000022698683

858000022698682

858000022698681

858000009808699

858000021170552

858000015612817

858000015612021

858000015612064

858000015612933

858000015612029

858000015612093

858000015612054

858000007502352

858000015612820

858000015612814

858000015612052

858000015612081

858000007635431

858000015612045

858000015612925

858000007502308

858000015612079

858000015612105

858000015612930

858000007635428

858000015612123

858000007635409

858000006751789

858000015612928

858000015612837

858000015612124

858000015612025

858000015612049

858000015612051

858000015612094

858000007502315

858000015612903

858000015612813

858000015612821

858000015612931

858000015612030

858000015612927

858000015612130

858000015612912

858000015612031

858000007502327

858000007502375

858000015612816

858000015612911

858000015612043

858000015612022

858000002817699

000000000000000

858000021170555

858000021170556

000000000000000

858000021170555

858000021170556

858000015612835

858000015612034

858000015612830

858000015612095

858000007502303

858000012437125

858000015612916

858000015612060

858000015612125

858000015612917

858000015612048

858000015612824

858000015612913

858000015612065

858000015612120

858000015612063

858000015612024

858000015612062

858000007635416

858000015612959

858000015612077

858000009624071

858000015612083

858000015612091

858000015612818

858000015612040

858000015612829

858000015612076

858000015612823

858000015612037

858000015612042

858000015612098

858000015612934

858000015612069

858000015612810

858000015612023

858000015612122

858000015612838

858000015612028

858000007635560

858000007635417

858000010131699

858000003259055

858000004370553

858000015612932

858000020081847

858000015612099

858000015612128

858000015612819

858000015612825

858000015612131

858000015612041

858000007502360

858000015612126

858000007502378

858000015612836

858000007502310

858000015612807

858000015612924

858000021170557

858000007635435

858000015612129

858000015612070

858000015612067

858000015612921

858000015612096

858000007502286

858000015612849

858000015612071

858000015612826

858000001009082

858000003259070

858000007502391

858000002817647

858000007635437

858000014387252

858000006777144

858000002817672

858000017217303

858000007635566

858000014370373

858000003259079

858000006777018

858000006777187

858000006777030

858000007635415

858000004370461

858000007635576

858000000984663

858000006777161

858000007635425

858000007502373

858000007502338

858000000984652

858000007502306

858000007635413

858000004370508

858000002792510

858000006777132

858000003259066

858000007635563

858000021170555

858000007635432

858000002817645

858000021170556

858000017217316

858000014387229

858000004370577

858000007635574

858000007635433

858000007502302

858000006777174

858000006777199

858000007502365

858000007502355

858000014370367

858000006777139

858000007502372

858000001009099

858000007635424

858000002817665

858000007502386

858000006777183

858000003259060

858000006777163

858000007502320

858000004370594

858000007635569

858000000964306

858000007502383

858000000984703

858000002817692

858000006777153

858000006777166

858000006777182

858000004370483

858000007502379

858000007635414

858000004370479

858000007502384

858000000984680

858000006777181

858000007502382

858000007635411

858000007635434

858000007635406

858000001009097

858000006751777

858000007502361

858000007635404

858000007502374

858000007635561

858000001009094

858000006777021

858000007635565

858000006751760

858000007635403

858000007635423

858000006751778

858000006618245

858000009624018

858000007635568

858000009624008

858000000984687

858000001009083

858000004370459

858000004370488

858000003259076

858000014370386

858000003259208

858000007502356

858000006777176

858000002792517

858000004376127

858000000964425

858000006777128

858000007502322

858000004370467

858000007635405

858000012970278

858000006751784

858000006777028

858000007502364

858000004370453

858000000984697

858000007502397

858000007502321

858000007502381

858000006751779

858000003259198

858000007635577

858000004370486

858000002817640

858000007635400

000000000000000

858000004370548

858000007502333

858000007502316

858000004370478

000000000000000

858000006777196

858000006777198

858000006777035

858000007635430

858000006777193

000000000000000

858000007635415

858000007635574

858000007635437

858000006777183

858000007502355

858000006777139

858000004370508

858000007635565

858000007502394

858000006777030

858000006777161

858000007635405

858000014370367

858000014387252

858000007502372

858000000984703

858000017217316

858000006777153

858000007502312

858000007502374

858000007635568

858000000984652

858000004370577

858000007635424

858000014370386

858000001009099

858000006751777

858000007502391

858000007502383

858000007635403

858000007635413

858000006777035

858000002817672

858000006777128

858000007502379

858000007635566

858000007635423

858000007502320

858000007502397

858000003259076

858000004370457

858000001009097

858000006777021

858000002792510

858000007635425

858000004370488

858000004370467

858000007502386

858000007502321

858000007502365

858000007635406

858000007502322

858000006751778

858000007502384

858000007502316

858000007635404

858000009624018

858000014387229

858000001009094

858000007635561

858000007635569

858000006777166

858000012970278

858000006777199

858000007635563

858000004370478

858000007635576

858000014370373

858000007502381

858000007502338

858000006777132

858000002817640

858000000984687

858000007502358

858000007502361

858000007502364

858000003259066

858000007502319

858000007635411

858000007635400

858000007502306

858000006777181

858000006751779

858000002817692

000000000000000

858000007502348

000000000000000

858000007502324

858000007502351

000000000000000

858000007502357

858000007502339

858000006777184

858000006751787

858000009624013

858000006618281

000000000000000

858000004376127

858000006777196

858000001009082

858000006777174

858000007502302

858000006777163

858000003259079

858000004370479

858000007635414

858000001009083

858000006618245

858000009624008

858000002817645

858000000984680

858000002792517

858000004370461

858000007635434

858000003259070

858000007502382

858000006777144

858000002817647

858000006777182

858000006777193

858000006751760

858000007502373

858000006777187

858000004370459

858000004370548

858000004370594

858000000984663

858000006777028

858000007635432

858000006777198

858000017217303

858000007635430

858000006777018

858000000964306

858000006777176

858000003259198

858000000964425

858000006751784

858000004370483

858000007502333

858000007502356

858000007635577

858000002817665

858000000984697

858000003259060

858000004370453

858000003259208

858000004370486

000000000000000

858000024168275

858000024168308

858000024168311

858000024168306

858000024168251

858000024168228

858000024168283

858000024168208

858000024168330

858000024168312

858000024168215

858000024168230

858000024168200

858000024168250

858000024168214

858000006777161

858000007502386

858000001009099

858000024168319

858000024168262

858000024168318

858000024168226

858000007502306

858000007502358

858000006751778

858000024168203

858000024168207

858000024168237

858000006777153

858000024168257

858000024168316

858000024168217

858000007635406

858000024168315

858000024168254

858000024168231

858000024168317

858000024168206

858000007502355

858000007635423

858000024168211

858000024168267

858000007502391

858000024168242

858000024168202

858000007502348

858000007635400

858000007635574

858000007635433

858000006777183

858000024168256

858000006777030

858000007502372

858000024168227

858000024168249

858000007635437

858000004370488

858000024168265

858000022698659

858000024168220

858000007502361

858000007502384

858000007635411

858000007502383

858000024168259

858000024168224

858000024168253

858000007635405

858000014370386

858000024168261

858000001009094

858000024168273

858000024168243

858000024168260

858000024168286

858000007502322

858000007635569

858000007635415

858000024168222

858000006777139

858000007502365

858000007635565

858000024168232

858000024168239

858000024168238

858000007635563

858000024168225

858000007502394

858000024168221

858000024168288

858000007635576

858000006777199

858000007502374

858000007635566

858000024168205

858000024168301

858000007502338

858000007635561

858000024168223

858000024168305

858000024168244

858000024168266

858000024168212

858000001009097

858000007635404

858000020081929

858000024168240

858000004370478

858000009624018

858000007635403

858000014387229

858000014370367

858000007635425

858000007502381

858000024168278

858000024168248

858000024168309

858000020081928

858000007502319

858000006777181

858000024168234

858000024168247

858000006777035

858000007502321

858000024168201

858000024168269

858000007635424

858000007502316

858000007502320

858000014387252

858000014370373

858000024168313

858000006751777

858000024168263

858000004370457

858000024168334

858000004370508

858000007502312

858000024168289

858000004370577

858000004370467

858000024168270

858000024168279

858000007502397

858000024168213

858000007635568

858000007502379

858000024168207

858000024168271

858000024168231

858000007502364

858000024168285

858000024168310

858000007502306

858000024168257

858000007635413

858000020081920

858000024168210

858000024168258

858000002817672

858000002817640

858000024168324

858000024346102

000000000000000

858000004370482

858000007502371

858000002817668

858000015612920

858000007502362

858000009624013

858000006777029

858000000984664

858000003259065

858000006751796

858000006751765

858000006751788

858000014387234

858000006777140

858000012969390

858000015612057

858000017217307

858000015612039

858000006777155

858000007502339

858000006618281

858000007502325

858000007635426

858000006777121

858000006751768

858000002817656

858000007635571

858000015612801

858000006777173

858000006618244

858000015612937

858000015612088

858000006777026

858000015612926

858000007502357

858000004370543

858000002817661

858000003259068

858000004370469

858000007635418

858000006777022

858000015612958

858000003259057

858000006777034

858000015612831

858000004370454

858000004370460

858000006777177

858000006777149

858000002792508

858000012970352

858000015612055

858000009624019

858000006751775

858000006777164

858000002817635

858000006751787

858000007502318

858000015612035

858000006777123

858000007502323

858000000984682

858000006777129

858000000984700

858000006618251

858000007502314

858000015612026

858000002817688

858000007502309

858000006751770

858000009624010

858000006777184

858000007502350

000000000000000

858000006777029

858000006777140

858000024168235

858000007635426

858000015612920

858000006777164

858000006777177

858000007635571

858000002817688

858000006777026

858000015612937

858000002817661

858000015612088

858000009624010

858000000984700

858000014387234

858000006777034

858000007635418

858000006751775

858000006751768

858000003259057

858000004370469

858000003259065

858000007502325

858000001340423

858000024346106

858000007502362

858000006751788

858000007502350

858000009624013

858000006777173

858000015612039

858000015612926

858000015612035

858000006751798

858000015612026

858000004370454

858000015612958

858000015612055

858000015612057

858000015612809

858000003259068

858000007502339

858000006751796

858000004370482

858000006751765

858000007502323

858000004370543

858000007502357

858000004370460

858000000984682

858000002792508

858000000984664

858000006777022

858000012970352

858000006751770

858000007502318

858000006777121

858000006777123

858000007502371

858000015612831

858000006618244

858000006618251

858000006777129

858000007502309

858000006777155

858000002817635

858000015612801

858000002817656

858000006777149

858000017217307

858000024346105

858000002817668

858000006618281

858000007502314

858000006751787

858000006777184

858000009624019

858000012969390

858000000984642

000000000000000

858000022698699

858000022698696

000000000000000

858000022698615

858000020177338

858000022698644

858000022698607

858000022698637

858000020081930

858000022555133

858000022296570

858000022296575

858000020081851

858000020081871

858000020079608

858000022698617

858000022555135

858000022698628

858000022698646

858000022698603

858000020081866

858000020081865

858000022698660

858000022698664

858000022555131

858000020081878

858000022698668

858000022698662

858000020081864

858000022698630

858000022698669

858000020081870

858000020081877

858000022698661

858000020081860

858000022698619

858000020081933

858000022296573

858000022698610

858000020079604

858000022296577

858000022698606

858000020081854

858000020081850

858000022698614

858000022698665

858000020079606

858000022698631

858000020079615

858000022698613

858000020079611

858000022698623

858000022555139

858000020079619

858000022555129

858000020081873

858000022698616

858000020177336

858000022555130

858000022296578

858000020079614

858000020081931

858000020081924

858000020079601

858000022698651

858000022698633

858000020079605

858000022698624

858000020081868

858000022698643

858000022698645

858000020081882

858000022698642

858000020079612

858000020081855

858000020081856

858000022698611

858000020081861

858000020081852

858000022698621

858000020081863

858000022698625

858000022698667

858000022698622

858000020081935

858000022698632

858000022698608

858000022555136

858000022698629

858000020081938

858000022555124

858000020081932

858000020081862

858000020079603

858000022698641

858000020081925

858000020081879

858000022698604

858000022698635

858000020079617

858000022698634

858000022698605

858000022296574

858000022698609

858000022698639

858000020081939

858000020079618

858000022555137

858000020081848

858000022698636

858000020081875

858000020081876

858000020079607

858000022296571

858000022698626

858000022698638

858000022698601

858000022698600

858000022555138

858000020081936

858000020081872

858000022698627

858000020079600

858000020081867

858000022698648

858000022698663

858000022698620

858000020079602

858000022698650

858000020079613

858000022698618

858000020079609

858000020081849

858000022296576

858000020081859

858000020079610

858000020081874

858000020177223

858000020081880

858000022555132

858000020081881

858000020081800

858000020178581

858000022698666

858000020081842

858000020177201

858000020177227

858000020081818

000000000000000

858000020177238

858000020081837

858000020177235

858000020081826

858000015612109

858000020081827

858000020178591

000000000000000

858000022698699

000000000000000

858000020177219

858000020177239

858000020177213

858000020178582

858000020177208

858000020081831

858000015612113

858000020177217

858000020178599

858000020177205

858000020081838

858000020081826

858000020177232

858000020081835

858000020177210

858000020081812

858000020081824

858000020081844

858000020177225

858000020178595

858000020177206

858000020081832

858000020178584

858000020081821

858000020177230

858000020081825

858000020177235

858000020177212

858000020177222

858000020177238

858000020177236

858000020081843

858000020178585

858000020178598

858000020081810

858000020081803

858000020177216

858000020081834

858000020081830

000000000000000

858000020177208

858000020177210

858000020079613

858000022698664

858000020079605

858000022698630

858000022698660

858000022698624

858000020081873

858000020081821

858000022698623

858000022698651

858000022698648

858000020081876

858000022698625

858000022698666

858000020177223

858000022296579

858000020177201

858000020177338

858000022698606

858000022698665

858000020177235

858000022698669

858000020177227

858000022555138

858000020177212

858000022698661

858000020079604

858000020081938

858000022555135

858000022296577

858000022555137

858000020081882

858000020177236

858000022698637

858000020081868

858000022555124

858000022698641

858000020081865

858000020081864

858000020081931

858000020079611

858000020177239

858000022698667

858000022698662

858000020081866

858000022698609

858000022698668

858000020081851

858000020079614

858000020081879

858000020081844

858000022555133

858000020178599

858000020178581

858000020079612

858000020079602

858000020081877

858000020177213

858000020081859

858000022698600

858000020081800

858000020177232

858000020081818

858000020081935

858000020177221

858000020081862

858000020079619

858000022296574

858000022698646

858000022698613

858000020177230

858000022698628

858000020081936

858000022698643

858000022698629

858000022555130

858000022698608

858000022698636

858000020079609

858000020177225

858000020081875

858000020081932

858000022296578

858000020081933

858000020081861

858000020081930

858000020079607

858000022296573

858000020079615

858000022698604

858000022555131

858000020177217

858000022698617

858000020079608

858000020081878

858000022555139

858000022296575

858000022296570

858000022698644

858000020177222

858000022555136

858000020081832

858000022698607

858000020081831

858000020081850

858000020177205

858000020079606

858000020079600

858000020081854

858000020081924

858000020081881

858000020178584

858000020081848

858000020079603

858000020081835

858000020081824

858000020081838

858000022698615

858000020081843

858000022698618

858000020177219

858000020081874

858000020081849

858000020177206

858000020079610

858000022698633

858000022555132

858000022698639

858000022698603

858000022698638

858000022698614

858000020081842

858000020081834

858000020177216

858000020081925

858000022698627

858000022698642

858000015612113

858000020081825

858000022698605

858000022698611

858000020081880

858000022698650

858000020177238

858000020081857

858000020081852

858000020178585

858000022698645

858000020178598

858000020081939

858000020081812

858000020081872

858000020081871

858000022698634

858000020079617

858000022698631

858000020079601

858000020178582

858000022698601

858000022698622

858000022698619

858000020178595

858000020079618

858000020081803

858000022698610

858000020081856

858000020081810

858000022698621

858000022698620

858000020081855

858000020081870

858000022698632

858000022296571

858000022698616

858000020081830

858000022296576

858000020081860

858000022698663

858000020177336

858000022698635

858000022698626

858000020081863

858000020081867

858000022555129

858000020081826

000000000000000

858000015612067

858000007502327

858000015612928

858000007502310

858000015612099

858000015612105

858000015612903

858000015612023

858000015612120

858000015612079

858000015612837

858000015612063

858000015612062

858000015612818

858000015612916

858000015612849

858000015612836

858000015612931

858000015612911

858000015612829

858000015612125

858000015612025

858000015612813

858000015612024

858000015612031

858000015612041

858000015612054

858000007502375

858000015612913

858000002817699

858000015612094

858000020081847

858000015612959

000000000000000

858000020081802

858000015612056

858000015612116

858000015612846

858000020081829

858000015612848

858000015612112

858000015612036

858000015612910

858000015612804

858000015612853

858000015612914

858000015612839

858000020178597

858000015612115

858000015612845

858000015612847

858000015612072

858000015612840

858000015612111

858000015612108

858000020178591

858000015612901

858000015612119

858000015612068

858000015612854

858000015612902

858000015612050

858000015612812

858000020177214

858000015612904

858000020081827

858000020081820

858000015612842

858000015612843

858000015612851

858000015612114

858000020081814

858000015612806

858000015612844

858000020081837

858000015612118

858000015612909

858000015612106

858000015612117

858000015612850

858000015612915

858000015612918

858000015612905

858000020177200

858000015612110

858000015612109

858000015612852

858000015612803

858000015612900

858000015612919

858000015612841

858000015612107

858000015612906

858000015612908

858000015612822

000000000000000

858000020081853

858000020079616

858000020081858

858000020081937

858000020081926

858000022698602

858000009808699

000000000000000

858000009808699

000000000000000

858000009808699

000000000000000

858000009808699

000000000000000

858000009808699

858000024346107

858000024346109

000000000000000

858000006777038

858000003259072

858000000984679

858000012970328

858000012969340

858000006618292

858000003259069

858000004370463

858000002817690

858000007502285

858000006618271

858000000984648

858000009624011

858000004370580

858000007502387

858000007635422

858000003259193

858000006751783

858000002817651

858000001009080

858000006777154

858000007502380

858000006751774

858000004370480

858000004370481

858000007635421

858000002817666

858000012970361

858000007502398

858000015612834

858000003259058

858000006618290

858000012969355

858000006751772

858000007635429

858000003259165

858000009624012

858000007635408

858000002817655

858000002817698

858000007635410

858000004370477

858000009808699

858000001009036

858000020178586

000000000000000

858000009624006

858000015612053

858000000984650

858000006777122

858000006777025

858000000964424

858000009808699

858000006751781

858000015612078

858000006777189

858000015612939

858000007502305

858000006751767

858000000984712

858000004370590

858000000984678

858000015612044

858000000984657

858000015612815

858000006777192

858000006618208

858000012970358

858000006777138

858000006777151

858000006751769

858000007635420

858000015612059

858000000984689

858000009624017

858000000984713

858000007502330

858000015612929

858000006777195

858000000984693

858000000984665

858000000984686

858000002817653

858000004370468

858000006751780

858000015612086

858000015612046

858000015612938

858000006777159

858000000984694

858000015612922

858000006777143

858000012970293

858000006777137

858000003259063

858000000984655

858000006777150

858000007635438

858000002817680

858000007635427

858000007502353

858000007502328

858000000964427

858000015612802

858000015612121

858000007502304

858000015612828

858000000984677

858000009624064

858000006777185

858000002817676

858000007502390

858000007502307

858000021170553

858000021170556

858000021170554

858000021170557

858000021170555

858000021170558

858000021170559

858000021170552

858000022698697

858000022698696

858000022698699

858000022698698

000000000000000

858000020177278

858000007502288

858000020177283

858000020177255

858000020177323

858000020177312

858000020177243

858000020177294

858000020177313

858000020177290

858000020177270

858000020177264

858000020177276

858000020177298

858000020177286

858000009808683

858000020177321

858000020177304

858000020177330

858000007502292

858000020177320

858000020177266

858000020177334

858000020177288

858000020177311

858000007502234

858000020177244

858000020177285

858000020177292

858000020177329

858000020177327

858000009808686

858000020177265

858000020177291

858000020177287

858000020177280

858000007502293

858000020177325

858000020177279

858000020177240

858000009808681

858000020177252

858000020177314

858000020177301

858000009808684

858000020177318

858000020177262

858000020177248

858000020177256

858000020177300

858000020177258

858000020177310

858000020177306

858000020177315

858000020177250

858000020177257

858000009808680

858000020177317

858000020177273

858000007502294

000000000000000

858000022555108

858000020178609

858000022555102

858000022555095

858000022555105

858000022555107

858000022555066

858000022555096

858000022555062

858000022555060

858000022555104

858000022555063

858000022555106

858000022555081

858000022555090

858000022555119

858000022555078

858000022555064

858000022555093

858000022555077

858000022555103

858000022555100

858000022555061

000000000000000

858000022555082

858000020177268

858000020177274

858000022555112

858000022555083

858000022555080

858000020177284

858000020177281

858000020177326

858000020177245

858000022555111

858000020177247

858000020177269

858000020177271

858000020177324

858000020177254

858000022555109

858000007502297

858000022555101

858000018782440

858000020177296

858000020177293

858000022555110

858000022555117

858000020177316

858000022555118

858000007502219

858000007502290

858000020177309

858000020177303

858000012969222

858000009808682

858000020177328

858000007502287

858000020177267

858000020177282

858000020177275

858000007502291

858000020177331

858000020177308

858000020177242

858000020177295

858000020177249

858000020177319

858000007502289

858000020177277

858000020177241

858000020177272

858000022555084

858000022555113

858000020177297

858000022555114

858000012969221

858000020177253

858000020177322

858000012969220

858000020177251

858000007502299

858000020177289

858000007502296

858000022555115

858000020177299

858000007502298

858000020177307

000000000000000

858000022555065

858000009808688

858000009808693

858000020178604

858000022555071

858000022555079

858000022555068

858000009808698

858000022555076

858000022555092

858000022555069

858000022555086

858000022555067

858000009808687

858000022555074

858000022555073

858000022555070

858000022555075

858000022555097

858000022555088

858000009808690

858000022555087

858000022555089

858000022555085

858000022555094

858000020178610

858000022555091

858000022555072

000000000000000

858000007502253

858000006618282

858000007502272

858000004370550

858000006618275

858000012969232

858000007502252

858000006618285

858000007502284

858000007502263

858000006618265

858000007502277

858000012969226

858000007502248

858000006618272

858000006618263

858000007502271

858000007502267

858000012969233

858000007502275

858000004370582

858000006618270

858000004370558

858000012969235

858000012969234

858000012969229

858000007502259

858000006618269

858000009808695

858000007502251

858000007502276

858000007502281

858000007502279

858000007502250

858000012969219

858000007502257

858000012969246

858000007502283

858000004370554

858000012969240

858000006618260

858000004370541

858000007502266

858000012969223

858000007502273

858000007502249

858000007502265

858000006618268

858000012969238

858000007502282

858000004370547

858000012969241

858000006618291

858000004370557

858000004370585

858000006618287

858000007502258

858000004370540

858000006618264

858000006618279

858000007502262

858000007502256

858000006618273

858000007502264

858000007502255

858000012969210

858000007502246

8580
