
*E01


858000002792508

858000006777034

858000006751783

858000003259175

858000006618289

858000017217307

858000002817635

858000007635418

858000000984712

858000004370477

858000007502330

858000006751771

858000006751798

858000006777189

858000007502323

858000006618208

858000000984693

858000007502362

858000003259057

858000006777155

858000006751770

858000012970293

858000007502371

858000002883857

858000000984678

858000006777037

858000006777140

858000004630969

858000000984656

858000006777137

858000006777195

858000007502317

858000006777173

858000009624019

858000012970361

858000009624064

858000006751797

858000006618244

858000006618281

858000007635427

858000006777123

858000000984664

858000002817668

858000004370468

858000000984682

858000007502325

858000000984641

858000000984679

858000012970352

858000002817688

858000006777158

858000004370469

858000006618251

858000007502357

858000004370543

858000002817680

858000006751787

858000012969390

000000000000000

858000012970358

858000021170553

000000000000000

858000014387229

858000007635569

858000007635574

858000001009094

858000007502364

858000007502361

858000002792510

858000003259198

858000004370488

858000001009083

858000006777176

858000006777028

858000007502355

858000007635565

858000006777021

858000007635400

858000001009097

858000006777166

858000001009082

858000007635437

858000014387252

858000007502319

858000004370479

858000000964306

858000005657244

858000004630968

858000004370594

858000007502306

858000006777183

858000007502373

858000007502383

858000007502384

858000006777196

858000007502391

858000007635576

858000007502381

858000007635403

858000006777144

858000007635405

858000006777187

858000014370367

858000007635414

858000007635561

858000007502312

858000007502374

858000006777128

858000004370484

858000004370461

858000009624008

858000000984687

858000004370457

858000014370373

858000007635411

858000003259070

858000007502356

858000004370508

858000000964425

858000002817645

858000007502397

858000007635423

858000007635404

858000006777181

858000007635406

858000007502358

858000006777153

858000017217303

858000007502394

858000007502333

858000007635430

858000002817665

858000004370483

858000007502372

858000006777199

858000004370577

858000006777030

858000007635424

858000003259066

858000007502316

858000006618245

858000006777139

858000000984663

858000007635415

858000000984697

858000007635563

858000007635433

858000007502365

858000003259208

858000007502321

858000003259060

858000009624018

858000003259079

858000006777193

858000007635566

858000000984703

858000006777161

858000006777182

858000004376127

858000007502382

858000000984680

858000007635577

858000007502379

858000006751760

858000006751778

858000002792517

858000006751777

858000006777163

858000004370548

858000003259076

858000017217316

858000004370453

858000014370386

858000007635568

858000007502302

858000000984652

858000007502338

858000007635413

858000012970278

858000007635425

858000006777132

858000001009099

858000007502322

858000007502386

858000006777018

858000006777198

858000004370486

858000002817647

858000002817692

858000004370459

858000004370478

858000006751784

000000000000000

858000006751779

858000006777035

858000007635434

000000000000000

858000012969339

858000012969259

858000000964422

858000002817640

858000002792504

858000002817672

858000004370476

858000012970308

858000012970366

858000017217306

858000017215947

858000003259087

858000003259178

858000000984710

858000012970357

858000000984711

858000004370471

858000003259061

858000002817671

858000000984676

858000012969391

858000002817652

858000017215944

858000001009084

858000003259088

858000000984669

858000012970316

858000012969329

858000004370467

858000004370455

858000017217315

858000024346104

858000024346107

858000024346108

000000000000000

858000024346104

858000024346108

858000024346109

858000024346106

000000000000000

858000015612851

858000020177236

858000015612068

858000020081824

858000020178585

858000020177206

858000020178599

858000020081820

858000015612840

858000020178598

858000015612108

858000020081800

858000020177200

858000015612050

858000015612806

858000020177238

858000020177232

858000015612904

858000020177225

858000015612056

858000015612900

858000020081826

858000020177235

858000020081818

858000015612106

858000015612812

858000020177214

858000015612844

858000020081803

858000020177217

858000015612848

858000020177216

858000020081810

858000015612845

858000015612918

858000020081842

858000020177222

858000020081814

858000020177213

858000020081838

858000020081821

858000020177205

858000015612118

858000020178597

858000015612843

858000020177219

858000020177208

858000015612112

858000020177201

858000015612847

858000015612846

858000020081812

858000015612910

858000020178582

858000020081831

858000020081832

858000020178581

858000015612906

858000020178591

858000020081825

858000020081837

858000020177210

858000020177230

858000015612901

858000015612036

858000020081834

858000015612902

858000020081827

858000015612117

858000020081802

858000020178595

858000015612905

858000015612854

858000020177227

858000020177223

858000015612110

858000015612114

858000015612852

858000015612915

858000015612850

858000015612119

858000020177239

858000015612113

858000020081881

858000015612914

858000015612919

858000015612109

858000015612908

858000015612111

858000015612116

858000020081829

858000015612822

858000015612072

858000020081843

858000015612107

858000020081844

858000020177212

858000015612839

858000020081835

858000015612842

858000015612841

858000020177221

858000020178584

858000015612803

858000015612804

858000015612853

858000015612115

858000020081830

858000015612909

000000000000000

858000020081925

858000020079603

858000022698605

858000020081924

858000020079604

858000022698668

858000022555124

858000022698613

858000022698631

858000020081849

858000020079605

858000020081848

858000022698644

858000022698666

858000022698624

858000022698625

858000022698608

858000022698639

858000020079606

858000022296579

858000022698632

858000022698665

858000022555137

858000022296573

858000022555129

858000020187810

858000020081935

858000015612907

858000020081926

858000020187809

858000020081868

858000020178580

858000020081866

858000022698669

858000020081937

858000020079610

858000022698619

858000020081862

858000022698600

858000020081857

858000020079613

858000020079609

858000022698622

858000022698630

858000022698660

858000022698646

858000022698633

858000020187800

858000020081860

858000020081880

858000022698615

858000022698649

858000020081879

858000020081871

858000020081933

858000022296572

858000020081930

858000020081867

858000020187808

858000020079611

858000020079619

858000020081864

858000022698610

858000022698636

858000020079601

858000020177338

858000020081854

858000020079615

858000022296576

858000022296577

858000022698607

858000022296575

858000022296578

858000020081875

858000022698609

858000020081877

858000022698643

858000022698642

858000022698635

858000020081856

858000020081938

858000022698634

858000022698604

858000022698621

858000020079618

858000020177336

858000020081931

858000020081858

858000020079608

858000022698637

858000020079607

858000020081876

858000020081851

858000022698603

858000022555136

858000022698663

858000022698650

858000020081859

858000022698620

858000020079616

858000020079612

858000022698601

858000022698627

858000022698602

858000022698661

858000022698638

858000020081873

858000020081878

858000022698645

858000020081865

858000022698614

858000022698664

858000022296570

858000020081861

858000020079600

858000020081934

858000020081932

858000020081936

858000020081939

858000022698629

858000020079602

858000020081850

858000022296574

858000020187807

858000020081872

858000020081853

858000020081882

858000020079614

858000022698617

858000022698651

858000022698648

858000022555130

858000020187806

858000022555134

858000020081863

858000022296571

858000022698662

858000022555133

858000022698640

858000020081874

858000022555132

858000022555135

858000020081852

858000022555139

858000022698623

858000022698641

858000022698618

858000022555131

858000022698628

858000020081870

858000022698626

858000022555138

858000022698606

858000020079617

858000022698616

858000020081855

858000022698667

858000022698611
+++
