858000020177201
858000006777182
858000015612052
858000007502384
858000020081936
858000015612853
858000015612042
858000015612821
858000015612906
858000015612823
858000022296575
858000000984679
858000006777177
858000020081935
858000020079612
858000020177232
858000015612049
858000022698624
858000015612055
858000015612900
858000006777181
858000020177208
858000015612112
858000007502358
858000015612037
858000020081866
858000015612828
858000020081871
858000015612108
858000022698631
858000015612071
858000015612064
858000022555132
858000015612909
858000015612076
858000015612070
858000015612040
858000022555138
858000020178595
858000015612059
858000015612029
858000006618290
858000015612124
858000015612927
858000020081844
858000006777189
858000007635428
858000015612051
858000015612025
858000003259055
858000020177338
858000007635565
858000007502308
858000022698630
858000020081860
858000020081924
858000020081810
858000003259060
858000020081870
858000020081859
858000020081925
858000006777193
858000020081857
858000015612915
858000015612093
858000015612020
858000022698607
858000015612921
858000006777122
858000015612938
858000007502280
858000020081934
858000015612838
858000007635425
858000006751784
858000024346105
858000015612850
858000022698634
858000022698635
858000014387229
858000007502338
858000020081861
858000015612022
858000014370373
858000004370488
858000006618246
858000020081856
858000006618209
858000002817688
000000000000000
858000030542670
858000030542645
858000030544254
858000030544293
858000030542635
