858000020177316
858000020177327
858000020177320
858000007502253
858000012969228
858000007502254
858000007502258
858000007502250
858000007502259
858000012969233
858000006618272
858000007502252
858000007502281
858000006618266
858000004370585
858000012969240
858000000964308
858000007502269
858000012969226
858000007502257
858000006618282
858000004370581
858000012969229
858000004370595
858000007502283
858000006618294
858000007502272
858000006618277
858000006618261
858000012969235
858000000121414