*
*E01
G

858000012970385

858000012970283

858000012970317

858000012970388

858000000984646

858000012970292

858000012970387

858000000984708

858000012970389

858000001009096

858000002817619

858000002817638

858000003259189

000000000000000

858000007635447

858000009624087

858000007635553

858000017215989

858000007635498

858000007635580

000000000000000

858000015612953

858000017215979

858000017898989

858000017898965

858000017215994

858000017215937

858000007502244

858000017215999

858000015612954

858000017215965

858000015612944

858000017215929

858000017898963

858000017215998

858000017215964

858000017898986

858000015612949

858000017215969

858000017898994

858000015612948

858000017215938

858000017215997

858000017215934

858000015612950

858000015612940

858000017898982

858000017898967

858000017898996

858000017215920

858000017215974

858000017898975

858000017215935

858000015612952

858000017898998

858000015612957

858000017215927

858000017898984

858000017215932

858000017898977

858000017215928

858000017898991

858000015612943

858000015612955

858000017898962

858000017898997

000000000000000

858000017215971

858000017215931

858000017898981

858000017215966

858000017215975

858000017215933

858000017898970

858000017898976

858000017215961

000000000000000

858000017215970

858000017898978

858000017898973

000000000000000

858000017215973

858000017898964

858000017215960

000000000000000

858000007502240

858000012969221

858000007502232

858000007502210

858000007502224

858000007502296

858000007502290

858000020177293

858000020177331

858000012969220

858000007502209

858000007502217

858000007502227

858000020177332

858000007502239

858000020177330

858000020177333

858000007502295

858000007502289

858000012969222

000000000000000

858000020177242

858000020177254

858000009808694

858000020177300

858000020177243

858000009808696

858000020177295

858000012969242

858000020177278

858000020177250

858000020177304

858000020177257

858000020177265

858000020177310

858000020177241

858000020177329

858000020177315

858000020177298

858000020177309

858000020177290

858000020177306

858000020177321

858000020177281

858000020177269

858000020177314

858000020177248

858000020177286

858000020177264

858000020177326

858000020177312

858000020177287

858000020177323

858000020177251

858000020177288

858000020177258

858000020177328

858000020177308

858000020177283

858000009808693

858000020177318

858000007502298

858000020177317

858000009808680

858000020177271

858000020177270

858000020177276

858000020177319

858000020177273

858000009808690

858000020177246

858000009808688

858000009808681

858000009808697

858000009808692

858000007502293

858000007502241

858000009808686

858000020177244

858000020177296

858000007502291

858000009808695

858000007502288

858000020177325

858000007502292

858000020177256

858000007502299

858000020177313

858000020177334

858000012969248

858000007502287

858000020177280

858000007502294

858000020177299

858000020177247

858000009808683

858000020177301

858000020177324

858000009808684

858000009808689

858000020177268

858000020177267

858000020177303

858000020177289

858000020177284

858000020177291

858000020177266

858000009808682

858000020177277

858000007502297

858000009808698

858000009808691

858000020177274

858000020177307

858000020177255

858000009808687

858000020177285

858000020177302

858000020177240

858000020177249

858000020177272

858000020177297

858000020177279

858000020177252

858000020177322

858000020177294

858000007502234

858000020177245

858000012969223

858000020177282

858000020177292

858000020177262

858000020177275

858000020177311

858000020177253

858000020177316

858000020177327

858000020177320

000000000000000

858000007502253

858000012969228

858000007502254

858000007502258

858000007502250

858000007502259

858000012969233

858000006618272

858000007502252

858000007502281

858000006618266

858000004370585

858000012969240

858000000964308

858000007502269

858000012969226

858000007502257

858000006618282

858000004370581

858000012969229

858000004370595

858000007502283

858000006618294

858000007502272

858000006618277

858000006618261

858000012969235

858000012969241

858000004370593

858000012969215

858000012969227

858000012969239

858000007502260

858000006618269

858000004370557

858000004370550

858000012969247

858000012969212

858000006618273

858000007502267

858000012969231

858000007502276

858000012969232

858000004370582

858000007502264

858000007502262

858000004370540

858000012969243

858000006618280

858000006618274

858000007502249

858000006618299

858000012969236

858000012969230

858000007502282

858000004370547

858000006618295

858000006618283

858000006618297

858000006618263

858000007502256

858000012969234

858000007502246

858000006618267

858000006618270

858000007502265

858000006618268

858000006618252

858000007502263

858000006618285

858000007502255

858000006618265

858000012969316

858000004370554

858000006618298

858000012969246

858000006618296

858000006618288

858000012969225

858000012969210

858000007502275

858000007502248

858000007502278

858000006618287

858000004370583

858000006618260

858000012969244

858000007502284

858000007502251

858000006618291

858000004370589

858000007502279

858000004370558

858000012969213

858000012969224

858000007502273

858000007502271

858000012969245

858000001818914

858000006618262

858000012969238

858000006618275

858000012969219

858000006618284

858000006618279

858000007502247

858000004370541

858000006618264

858000012969273

858000007502274

858000007502266

858000012969237

858000000964361

858000012969250

000000000000000

858000007502334

858000007502286

858000015612059

858000015612922

858000015612837

858000015612939

858000014387234

858000006751773

858000004370584

858000002817650

858000015612076

858000006618209

858000000984704

858000015612032

858000002791942

858000015612061

858000003259065

858000015612035

858000004370588

858000007502339

858000007635438

858000003259078

858000006777192

858000015612027

858000015612936

858000006751788

858000015612055

858000002817653

858000004370473

858000007635571

858000006777191

858000007635420

858000003259063

858000006777136

858000015612934

858000006777150

858000006777121

858000003259059

858000007502398

858000009624017

858000015612834

858000007502285

858000006777024

858000004370542

858000015612039

858000006751775

858000006751769

858000002817643

858000000984660

858000015612054

858000006777159

858000006777033

858000007635426

858000006777167

858000003259090

858000002817694

858000007635573

858000006777023

858000007635564

858000007502304

858000015612020

858000015612037

858000006751782

858000009624010

858000007502324

858000006751767

858000006777156

858000007502309

858000002817696

858000007635435

858000006777185

858000004370462

858000006777027

858000007502352

858000006618242

858000015612082

858000015612121

858000015612808

858000007502301

858000015612038

858000003259200

858000015612046

858000006777019

858000015612801

858000006777138

858000009624020

858000007502332

858000015612090

858000006777165

858000015612088

858000006777151

858000007502268

858000006751781

858000015612057

858000007502261

858000015612127

858000007502390

858000003259075

858000002817661

858000015612920

858000015612938

858000006618249

858000007502399

858000006777127

858000007502280

858000007635575

858000015612066

858000015612958

858000015612044

858000015612833

858000015612802

858000006777164

858000007502353

858000009624013

858000006777175

858000015612926

858000015612026

858000014387261

858000000984671

858000007635412

858000015612828

858000015612832

858000006751741

858000002817644

858000006618246

858000015612089

858000007502348

858000015612929

858000015612809

858000015612080

858000006777177

858000007502313

858000015612086

858000015612078

858000015612815

858000000964424

858000015612831

858000015612053

858000004370487

858000007502388

858000006777026

858000006777178

000000000000000

858000017215963

858000017215967

858000007635522

858000017217216

858000015612003

858000017215962

858000015612941

858000007635479

858000006618253

858000015612019

858000017215925

858000007635496

858000007502233

858000017217211

858000007635494

858000017217227

858000017898976

858000007635593

858000007635514

858000017217232

858000017217209

858000017898971

858000017215976

858000014387219

858000017898969

858000017217208

858000015612004

858000007635485

858000015612007

858000015612015

858000017898985

858000017217210

858000007502203

858000015612942

858000007635588

858000007502242

858000007635556

858000015612945

858000017217233

858000017215936

858000017217230

858000007635544

858000007635554

858000017898979

858000007635599

858000015612016

858000015612009

858000007502236

858000015612012

858000017898992

858000017215922

858000007635492

858000006618255

858000007635527

858000017898970

858000007635589

858000017898990

858000017217219

858000007635582

858000007502229

858000017898999

858000017215977

858000017898966

858000015612001

858000015612010

858000015612138

858000017215933

858000017898961

858000007635529

858000015612014

858000017215960

000000000000000

858000015612801

858000000984660

858000015612035

858000015612920

858000007502399

858000006777136

858000007502390

858000002817650

858000015612059

858000009624017

858000004370542

858000007502301

858000006751775

858000015612055

858000015612809

858000003259200

858000007635426

858000003259065

858000015612046

858000002817643

858000002817694

858000006777191

858000015612834

858000007502285

858000007502353

858000003259075

858000006618209

858000006777033

858000009624010

858000015612828

858000015612926

858000006777192

858000007635564

858000006777023

858000015612939

858000006618249

858000007502339

858000000964424

858000007502304

858000007502398

858000015612078

858000015612831

858000002817653

858000015612937

858000004370584

858000007502313

858000006777167

858000015612833

858000007635420

858000015612808

858000006777121

858000007635571

858000007635575

858000004370473

858000007502388

858000015612026

858000000984704

858000015612121

858000002817696

858000007502268

858000014387261

858000007635412

858000015612802

858000006777159

858000015612832

858000014387234

858000015612061

858000006777151

858000007502332

858000006751773

858000002817644

858000006777164

858000015612032

858000006751769

858000006751782

858000015612057

858000015612044

858000006777175

858000009624013

858000007635573

858000002791942

858000004370462

858000006777185

858000015612020

858000015612127

858000015612066

858000015612929

858000006751767

858000015612922

858000003259090

858000006618246

858000006777127

858000003259078

858000015612938

858000006777156

858000004370588

858000015612080

858000015612086

858000015612088

858000015612936

858000006777177

858000015612089

858000003259063

858000007502261

858000007502280

858000015612053

858000006751741

858000015612082

858000002817661

858000007502309

858000000984671

858000006618242

858000015612958

858000015612038

858000006751788

858000006777150

858000007635438

858000007502334

858000006777165

858000006777027

858000006777024

858000006751781

858000007502348

858000006777138

858000009624020

858000003259059

858000006777178

858000004370487

858000006777019

858000015612090

858000007502324

858000015612039

858000015612027

858000006777026

858000015612815

000000000000000

858000006777122

858000007502350

858000002817679

858000002883857

858000009624016

858000012969352

858000012970352

858000007502317

858000006777137

858000006777029

858000000984664

858000006618281

858000002817680

858000006618244

858000000984641

858000006777140

858000007502325

858000006777189

858000006618251

858000000984650

858000007502371

858000000984665

858000001009098

858000006777025

858000006777143

858000012970361

858000007502323

858000006751783

858000006751796

858000006777022

858000007502362

858000017217307

858000006777158

858000004370590

858000006618289

858000004630969

858000000984712

858000006751797

858000006777195

858000004370477

858000002817635

858000004370543

858000007502305

858000006751770

858000009781674

858000000984693

858000006777155

858000007635418

858000006751765

858000003259068

858000009624006

858000000984655

858000004370469

858000004370482

858000006777037

858000007502357

858000002792508

858000002817668

858000003259057

858000000984686

858000000964427

858000012969390

858000000984642

858000007502330

858000006777149

858000009624019

858000012970358

858000006751780

858000007635427

000000000000000

858000006777129

858000002817656

858000000984666

858000002817663

858000006777034

858000009624064

858000006777123

858000012970293

858000006618208

858000002817676

858000006751787

858000007502314

858000000984679

858000000984656

858000004370468

858000006777173

858000006751798

858000000984678

858000003259062

858000003259175

858000008812427

858000000984700

858000000984682

858000006777184

858000007502328

858000000984648

858000006751771

858000002817688

000000000000000

858000006777154

858000003259072

858000007635429

858000007502318

858000006751772

858000000984649

858000001340423

858000012969340

858000009624011

858000007635408

858000006777038

858000007635422

858000004370481

858000007635410

858000007502307

858000007502387

858000000984689

858000004370454

858000004370460

858000012969355

858000006618271

858000000984677

858000007635421

858000006751768

858000006618290

858000002817666

858000004370580

858000001009080

858000004370463

858000000984713

858000012970328

858000006618292

858000006751774

858000000984657

858000002817651

858000003259069

858000002817698

858000003259165

858000003259193

858000004370480

858000003259058

858000002817690

858000007502380

858000000984694

858000002817655

000000000000000

858000017217203

858000017217204

858000015612133

858000017217239

858000015612013

858000017217200

858000017217218

858000015612002

858000015612100

858000015612956

858000007635558

858000017215926

858000017217205

858000015612139

858000017898981

858000017215996

858000007502231

858000015612008

858000007635594

858000017898988

858000007635511

858000017215924

858000015612135

858000017898972

858000017215995

858000017215923

858000017215931

858000017215973

858000017215971

858000007635457

858000017898974

858000015612005

858000017217234

858000017217207

858000007502205

858000017217236

858000017217213

858000007635549

858000017898964

858000017215921

858000007502216

858000017217226

858000017215961

858000007502211

858000007635524

858000017217229

858000007503354

858000007502225

858000007635459

858000017898995

858000015612102

858000015612946

858000017217228

858000017215978

858000017217217

858000007635585

858000017898983

858000007502243

858000015612136

858000017217206

858000017217202

858000015612103

858000015612006

858000017215975

858000017898960

858000007635543

858000007635509

858000015612018

858000007502228

858000015612134

858000015612947

858000009808583

858000017215966

858000015612137

858000007635555

858000007502212

858000007635512

858000009808585

858000009808591

858000009808588

858000009808582

858000015612011

858000009808587

858000009808598

858000007635590

858000007635539

858000009808592

858000009808595

858000009808593

858000007502215

858000007502221

858000009808594

858000009808586

858000009808589

858000009808596

858000009808599

858000009808580

858000007635510

858000007502202

858000009808597

858000007635520

858000007502230

858000007635479

000000000000000

858000007502214

858000007635452

858000017898980

858000015612104

858000015612017

858000007635551

858000017217235

858000007502206

858000007635586

858000017217215

000000000000000

858000015612951

858000007635444

858000007635598

858000007635468

858000007635592

858000007502204

858000007635498

858000007635542

858000007635531

858000007502245

858000007635475

858000007635526

858000007635469

858000006777115

858000006777117

858000006777118

858000014387202

858000006618258

858000006777119

858000007635500

858000007502200

858000006618259

858000007635580

858000007635447

858000007635536

858000007502226

858000007502207

858000007502237

858000007635504

858000007635553

858000007635517

000000000000000

858000007502286

858000007635409

858000003259091

858000006751789

858000012437125

858000007502308

858000015935299

858000015612076

858000015935293

858000009624071

858000000964436

858000007502352

858000007502360

858000000984681

858000007635431

858000000964423

858000007502327

858000015612054

858000007635416

858000007502310

858000007635417

858000007502375

858000003259055

858000015612934

858000002063791

858000002063790

858000012970348

858000004370553

858000007635428

858000007502378

858000007635435

858000007635560

858000010131699

858000002817699

858000015612837

858000007502303

858000002063792

858000007502372

858000007502315

000000000000000

858000020081851

858000020081898

858000020081897

858000020081849

858000020081905

858000020081907

858000020081848

858000020081877

858000020081874

858000020081879

858000020081870

858000020081925

858000020081862

858000020081855

858000020081878

858000020081885

858000020081913

858000020081860

858000020081888

858000020081887

858000020081914

858000020081909

858000020081863

858000020081875

858000020081882

858000020081922

858000020081892

858000020081921

858000020081861

858000020081864

858000020081919

858000020081916

858000020081850

858000020081867

858000020081924

858000020081871

858000020081868

858000020081854

858000020081903

858000020081902

858000020081894

858000020081859

858000020081911

858000020081856

858000020081881

858000020081890

858000020081889

858000020081906

858000020081853

858000020081886

858000020081917

858000020081852

858000020081876

858000020081915

858000020081901

858000020081865

858000020081896

858000020081899

858000020081904

858000020081858

858000020081873

858000020081869

858000009808584

858000020081900

858000020081912

858000020081880

858000020081918

858000020081926

858000020081857

858000020081895

858000020081893

858000020081884

858000020081891

858000020081872

858000020081883

858000020081908

858000020081910

858000020081866

000000000000000

858000000984683

858000000984718

858000012969346

858000012970333

858000000984662

858000004370472

858000012970326

858000012969347

858000012969331

858000012970364

858000015612030

858000000964416

858000012969361

858000012969364

858000012969333

858000000984684

858000002817659

858000003259233

858000003259173

858000000984672

858000006751764

858000003259086

858000012970325

858000002817683

858000002817664

858000012969323

858000000964429

858000012969334

858000012970335

858000012969342

858000000984701

858000012970341

858000000984698

858000012969330

858000012969329

858000002792504

858000006751740

858000012970391

858000012970337

858000002817646

858000001009084

858000001009086

858000012970331

858000012970355

858000000984674

858000012969335

858000002792502

858000012969350

000000000000000

858000020177212

858000020177213

858000015612050

858000020178584

858000020081812

858000015612839

858000020081821

858000015612806

858000015612056

858000020178582

858000020177238

858000020081831

858000020081800

858000020177236

858000020177210

858000020081844

858000020178591

858000020177208

858000020177201

858000020081802

858000020081803

858000020177230

858000020177239

858000020178595

858000020081832

858000020177206

858000020178599

858000020177219

858000020177221

858000020177217

858000020177232

858000015612822

858000020177227

858000020081810

858000020177235

858000020081818

858000015612803

858000020081819

858000020177200

858000020178581

858000020081838

858000020177216

858000020177223

858000020178598

858000020081830

858000020081842

858000015612036

000000000000000

858000015612853

858000015612851

858000015612108

858000015612843

858000015612110

858000020081825

858000015612906

858000015612068

858000020177205

858000020177225

858000020081834

858000020187800

858000015612116

858000015612901

858000015612812

858000020081826

858000020081824

858000015612106

858000015612900

858000015612919

858000015612918

858000015612072

858000015612840

858000015612804

858000020081835

858000015612902

858000015612112

858000015612115

858000015612907

858000020178597

858000015612915

858000015612847

858000015612113

858000020081827

858000020081843

858000015612914

858000015612842

858000015612118

858000020178580

858000015612109

858000020081820

858000015612844

858000020081829

858000015612910

858000015612119

858000015612848

858000015612111

858000015612852

858000015612117

858000015612905

858000015612107

858000020177222

858000020081814

858000015612854

858000020178585

858000015612114

858000015612908

858000020081837

858000015612845

858000015612909

858000015612846

858000020177214

858000015612904

858000015612841

858000015612850

000000000000000

858000015612123

858000015612063

858000015612025

858000015612120

858000015612081

858000015612821

858000015612024

858000015612125

858000015612099

858000015612060

858000015612838

858000015612810

858000015612823

858000020081847

858000015612095

858000015612816

858000015612022

858000015612045

858000015612124

858000015612925

858000015612028

858000015612093

858000015612091

858000015612040

858000015612826

858000015612051

858000015612820

858000015612042

858000015612096

858000015612930

858000015612065

858000015612128

858000015612813

858000015612829

858000015612064

858000015612094

858000015612933

858000015612126

858000015612041

858000015612122

858000015612069

858000015612130

858000015612077

858000015612029

858000015612083

858000015612052

858000015612818

858000015612830

858000015612819

858000015612034

858000015612836

858000007831107

858000015612131

858000015612807

858000015612928

858000015612031

858000015612021

858000015612817

858000015612129

858000015612048

858000015612062

858000015612071

858000015612049

858000015612924

858000015612043

858000015612098

858000015612067

858000015612023

858000015612921

858000015612070

000000000000000

858000017217212

000000000000000

858000015612932

858000015612911

858000015612931

858000015612825

858000015612824

858000015612913

858000007831105

858000015612917

858000015612849

858000015612903

858000015612959

858000015612912

858000015612105

858000015612079

858000015612916

858000015612927

858000007831108

858000015612814

858000015612835

000000000000000

858000007502222

000000000000000

858000020177276

858000020177290

858000020177288

858000020177240

858000020177257

858000020177246

858000020177304

858000020177267

858000007502297

858000020177294

858000020177315

858000020177326

858000020177329

858000020177306

858000020177281

858000020177241

858000007502241

858000009808691

858000009808692

858000020177248

858000020177252

858000009808683

858000020177300

858000020177253

858000020177302

858000020177268

858000020177310

858000007502291

858000020177309

858000012969223

858000009808681

858000020177328

858000020177301

858000009808697

858000020177289

858000020177271

858000020177316

858000009808684

858000020177283

858000020177299

858000020177266

858000020177278

858000020177297

858000020177251

858000020177296

858000007502287

858000020177287

858000012969242

858000009808698

858000009808693

858000009808686

858000020177245

858000020177327

858000020177258

858000009808688

858000007502298

858000020177323

858000020177318

858000020177256

858000020177250

858000020177284

858000012969248

858000009808680

858000020177243

858000020177242

858000020177325

858000020177308

858000020177274

858000020177272

858000007502294

858000020177265

858000020177273

858000020177324

858000020177286

858000020177319

858000009808687

858000020177314

858000020177311

858000020177247

858000020177282

858000009808694

858000020177275

858000007502288

858000020177321

858000009808689

858000020177295

858000009808682

858000007502293

858000020177313

858000020177244

858000009808690

858000007502292

858000020177285

858000020177277

858000020177303

858000020177292

858000009808695

858000020177320

858000020177262

858000020177279

858000020177317

858000020177334

858000020177255

858000020177254

858000020177298

858000020177269

858000020177307

858000020177312

858000020177291

858000020177322

858000020177264

858000020177280

858000020177270

858000007502234

000000000000000

858000020177249

858000009808696

000000000000000

858000022555119

858000022555096

858000022555111

858000022555093

858000022555083

858000022555112

858000022555117

858000022555074

858000022555077

858000022555109

858000022555068

858000022555071

858000022555113

858000022555118

858000022555116

858000022555076

858000022555084

858000022555085

858000022555110

858000022555091

858000022555079

858000022555067

858000022555072

858000022555089

858000022555115

858000022555069

858000022555088

858000022555090

858000022555097

858000022555082

858000022555073

858000022555080

858000022555092

858000022555081

858000022555094

858000022555087

858000022555078

858000022555086

858000022555095

858000022555075

858000022555070

858000022555114

000000000000000

858000012969239

858000004370582

858000006618272

858000006618282

858000012969232

858000004370554

858000004370581

858000006618285

858000006618299

858000007502262

858000007502273

858000006618294

858000004370540

858000012969229

858000012969241

858000007502283

858000012969240

858000012969236

858000004370558

858000006618275

858000006618261

858000012969235

858000006618265

858000006618291

858000006618269

858000012969228

858000006618252

858000012969226

858000007502258

858000007502264

858000007502269

858000007502247

858000012969227

858000007502284

858000006618262

858000012969233

858000012969238

858000012969237

858000022555064

858000022555105

858000022555066

858000022555061

858000022555108

858000022555103

858000022555102

858000022555063

858000022555106

858000022555107

858000022555104

858000022555062

000000000000000

858000001009051

000000000000000

858000004370550

858000012969212

858000012969273

858000000964308

858000012969215

858000012969250

858000000964361

000000000000000

858000007502251

000000000000000

858000006618273

858000007502210

858000007502295

858000020177332

858000007502232

858000007502217

858000020177293

858000007502289

858000007502240

858000012969221

858000012969220

858000007502290

858000020177333

858000007502209

858000020177330

858000007502239

858000007502227

000000000000000

858000020081848

858000022698624

858000020081864

858000022555137

858000020079601

858000020081851

858000020187807

858000020081879

858000020081868

858000020081850

858000022698611

858000020081936

858000022698600

858000022698628

858000020081878

858000020081874

858000022555136

858000020081869

858000022698601

858000022698615

858000022555144

858000020081880

858000020081849

858000022698629

858000022698648

858000020079608

858000020081931

858000022698607

858000022296575

858000022555133

858000022698643

858000020079613

858000020081856

858000022698612

858000022698620

858000020079619

858000020081881

858000020079612

858000022698634

858000022296578

858000020187810

858000020081937

858000020081866

858000020081877

858000020081860

858000022555134

858000022296571

858000020081871

858000022698633

858000020081854

858000022555129

858000020079602

858000022698636

858000022555130

858000022698603

858000020187806

858000022698639

858000022698632

858000020081924

858000022698625

858000022555132

858000022698642

858000020081867

858000022555124

858000022698626

858000020081932

858000020081861

858000022698637

858000022698602

858000022555135

858000022698640

858000022296572

858000020081858

858000022698644

858000020081935

858000022555139

858000022698641

858000022698649

858000022296577

858000020081873

858000022698609

858000020081934

858000022296574

858000022698619

858000020081859

858000020081865

858000022698623

858000020081852

858000020081863

858000020081862

858000022698645

858000022555131

858000022698617

858000020081853

858000020187809

858000020081925

858000022698631

858000020081857

858000020079605

858000020079615

858000020079616

858000022698622

858000020081870

858000022698606

858000022698635

858000020081938

858000022698614

858000022698618

858000022698627

858000022698638

858000022555138

858000022698651

858000022698608

858000020079618

858000020081855

858000022296579

858000022698621

858000020081926

858000022296573

858000022698630

858000022698650

858000022296570

858000022698613

858000020079614

858000022698605

858000020081876

858000022698646

858000020081882

858000020081875

858000022698616

858000022698610

858000022698604

858000020081933

858000020187808

858000022698647

858000020081872

000000000000000

858000022555144

000000000000000

858000020081903

858000020081906

858000020081917

858000020081911

858000020081899

858000020081900

858000020187803

000000000000000

858000020081891

000000000000000

858000020081886

858000020081888

858000020081889

858000020081883

858000020081894

858000020081885

858000020081890

858000020081884

858000020081887

858000020081893

858000020081892

000000000000000

858000022555026

858000022555052

858000022555144

858000022555142

858000022555150

858000022555044

858000022555122

858000022555041

858000022555025

858000022555001

858000022555007

858000022555059

858000022555015

858000022555013

858000022555019

858000022555024

858000022555047

858000022555046

858000022555123

858000022555120

858000022555030

858000022555011

858000022555121

858000022555049

858000022555009

858000022555127

858000022555159

858000022555000

858000022555020

858000022555032

858000022555036

858000022555005

858000022555155

858000022555002

858000022555056

858000022555042

858000022555152

858000022555027

858000022555045

858000022555004

858000022555023

858000022555146

858000022555050

858000022555058

858000022555051

858000022555040

858000022555053

858000022555022

858000022555008

858000022555018

858000022555029

858000022555154

858000022555012

858000022555043

858000022555048

858000022555140

858000022555014

858000022555038

858000022555039

858000022555037

858000022555016

858000022555057

858000022555031

858000022555010

858000022555021

858000022555149

858000022555054

858000022555035

858000022555055

858000022555148

858000022555033

858000022555034

858000022555143

858000022555141

858000022555158

858000022555028

858000022555017

858000022555006

858000022555003

000000000000000

858000022698656

858000020187802

858000020081909

858000020081915

858000022698653

858000020081905

858000020081917

858000020081914

858000020081918

858000020187805

858000020081906

858000022698654

858000020187801

858000020081899

858000020081921

858000020081904

858000020081896

858000020081908

858000020187803

858000020081912

858000022698655

858000020081900

858000020081916

858000020081895

858000020081903

858000020081907

858000022698657

858000020187804

858000020081891

858000020081902

858000020081910

858000020081897

858000020081913

858000009808584

858000020081911

858000020081898

858000022698658

858000020081919

858000020081901

858000022698652

000000000000000

858000007635561

858000001009083

858000006777144

858000007635411

858000006777161

858000006777187

858000007635437

858000006618245

858000002792510

858000014370373

858000007502306

858000004370484

858000007635405

858000000984687

858000007502365

858000007502381

858000006777183

858000007502361

858000007635406

858000009624018

858000006777182

858000007635567

858000001009099

858000000984703

858000007502356

858000007635563

858000002817647

858000006777018

858000006777166

858000007635403

858000007502312

858000007635576

858000004370479

858000006777198

858000004370478

858000007502355

858000007635568

858000006777163

858000000984663

858000001009082

858000006777174

858000007502364

858000006777030

858000006751778

858000003259070

858000000984652

858000004370508

858000007635414

858000007502384

858000007635400

858000007502394

858000007502358

858000007635425

858000002817665

858000007502386

858000007502374

858000007635419

858000007635404

858000006751777

858000007635433

858000006777128

858000006777153

858000000984697

858000017217303

858000007502351

858000007502382

858000007502319

858000009624008

858000002817692

858000000984680

858000004370577

858000007635565

858000006751779

858000006777035

858000003259066

858000007502333

858000014387229

858000007635432

858000002817645

858000004370453

858000007635424

858000000964425

858000006777199

858000003259208

858000007502320

858000007635566

858000003259198

858000007635413

858000017217316

858000004370461

858000004370594

858000007502338

858000007635569

858000007502316

858000007635574

858000006777132

858000007635423

858000007502391

858000007502302

858000009624012

858000014387252

858000007635430

858000004370488

858000014370367

858000007635577

000000000000000

858000000984711

858000002817614

858000004370455

858000000984676

858000017217315

858000000984669

858000003259061

858000017215945

858000017215947

858000012970308

858000012969259

000000000000000

858000004370548

858000006777028

858000006777196

858000006777176

858000000964306

858000006777021

858000014370386

858000007502373

858000007635415

858000006777193

858000005657244

858000003259060

858000006777181

858000003259076

858000007502321

858000007502322

858000007635434

858000004376127

858000006777139

858000001009097

858000007502383

858000007502379

858000004630968

858000002792517

858000003259079

858000004370457

858000004370483

858000007502397

858000012970278

858000006751784

858000001009094

858000006751760

858000004370459

858000004370486

858000017217315

858000002817614

858000017215944

858000012969259

858000012970308

858000000984669

858000012969391

858000000964422

858000000984711

858000003259061

858000017217306

858000003259087

858000012970316

858000012970357

858000003259178

858000000984710

858000000984676

858000017215945

858000002817652

858000003259088

858000004370455

858000004370471

858000017215947

858000012969339

858000012970366

858000004370476

000000000000000

858000000984644

858000002817614

858000006618258

858000017215942

858000012970384

858000002817619

858000007635536

858000006777118

858000000964316

858000006618259

858000000984708

858000017215948

858000012970388

858000001009081

858000017217308

858000000964439

858000012970327

858000017217309

858000006618254

858000017215941

858000002817660

858000000984667

858000012969256

858000006777119

858000012969354

858000004370456

858000012970325

858000012970387

858000012970371

858000017217313

000000000000000

858000022555022

858000022555031

858000020081888

858000022555143

858000022555018

858000020081887

858000022555002

858000020081885

858000022555122

000000000000000

858000022555122

858000022555002

858000022555018

858000022555143

858000022555022

858000022555031

858000022555026

858000022555053

858000022555020

858000022555049

858000022555006

858000022555127

858000022555051

858000022555016

858000022555023

858000022555033

858000022555056

858000022555046

858000022555047

858000022555019

858000022555041

858000022555148

858000022555123

858000022555027

858000022555003

858000022555054

858000022555021

858000022555120

858000022555158

858000022555005

858000022555043

858000022555121

858000022555024

858000022555040

858000022555159

858000022555025

858000022555155

858000022555030

858000022555052

858000022555150

858000022555037

858000022555057

858000022555152

858000022555048

858000022555044

858000022555144

858000022555000

858000022555017

858000022555015

858000022555012

858000022555001

858000022555039

858000022555010

858000022555011

858000022555008

858000022555059

858000022555055

858000022555154

858000022555149

858000022555014

858000022555034

858000022555032

858000022555036

858000022555013

858000022555045

858000022555058

858000022555050

858000022555004

858000022555035

858000022555038

858000022555146

858000022555029

858000022555141

858000022555009

858000022555142

858000022555007

858000022555028

858000022555140

858000022555042

858000009808699

000000000000000

858000009808699

858000022698683

858000022698682

858000022698681

858000022698680

000000000000000

858000022555107

858000022555065

858000022555066

858000022555064

858000022555081

858000022555102

858000022555060

858000022555106

858000022555103

858000022555105

858000022555108

858000022555061

858000022555100

858000022555063

858000022555062

000000000000000

858000022555065

858000022555112

858000022555068

858000022555078

858000022555118

858000022555083

858000020177303

858000022555101

858000022555109

858000022555082

858000022555113

858000022555091

858000022555119

858000022555080

858000022555075

858000022555085

858000022555084

858000022555070

858000022555072

858000022555115

858000022555089

858000022555114

858000022555067

858000022555069

858000022555076

858000022555117

858000022555074

858000022555111

858000022555104

858000022555094

858000022555093

858000022555073

858000022555088

858000022555071

858000022555110

858000022555090

858000022555092

858000022555086

858000022555095

858000022555096

858000022555116

858000022555097

858000022555087

858000022555079

858000022555077

858000009808699

000000000000000

858000020177284

858000020177308

858000020177296

858000007502289

858000007502251

858000012969248

858000007502290

858000020177293

858000020177281

858000020177247

858000012969220

858000012969221

858000020177277

858000007502297

858000020177289

858000012969222

858000020177275

858000020177249

858000020177328

858000020177268

858000020177254

858000020177242

858000007502296

858000009808696

858000020177241

858000007502299

858000020177295

858000020177251

858000020177319

858000020177274

858000020177262

858000020177245

858000020177253

858000020177326

858000020177297

858000020177324

858000020177272

858000020177299

858000020177269

858000009808693

858000020177322

858000020177271

858000020177316

858000020177307

000000000000000

858000007502224

858000007502232

858000012969212

858000012969215

858000012969273

858000020177330

858000007502240

858000007502210

858000007502241

858000000964308

858000007502227

858000000964361

858000020177333

858000007502209

858000007502217

858000007502239

858000012969250

858000007502295

000000000000000

858000022555132

858000020081862

858000020081863

858000020079607

858000022698643

858000022698615

858000022698641

858000020079614

858000022555138

858000020079603

858000022698613

858000022698616

858000020081924

858000020081934

858000022698604

858000022296571

858000020081854

858000020079618

858000020081877

858000020081874

858000022296579

858000022555130

858000020187806

858000022698624

858000022698619

858000020187807

858000020081933

858000020081931

858000020081861

858000022555124

858000022698638

858000022698633

858000020081872

858000020081866

858000022698650

858000020081860

858000022698664

858000020081882

858000020081926

858000022698608

858000022698661

858000020079609

858000022698606

858000022698614

858000020081936

858000020081873

858000020081867

858000020081855

858000020079617

858000022698600

858000022698630

858000022698667

858000022698610

858000022698662

858000022698651

858000022698668

858000022698602

858000022555131

858000022698648

858000022698632

858000022698660

858000020081880

858000020081848

858000020079619

858000022698665

858000020177338

858000020081851

858000022698623

858000020177336

858000022698621

858000020079605

858000022698609

858000020079612

858000022296578

858000022698642

858000020187810

858000022296572

858000020081859

858000022698618

858000022698620

858000020081878

858000022698631

858000020081865

858000022555133

858000022698605

858000022555137

858000022296577

858000022698666

858000020081852

858000022555134

858000020081871

858000020081853

858000020081939

858000022698625

858000020079610

858000022698635

858000020081858

858000020081879

858000022296576

858000022698611

858000022698640

858000020081850

858000022698617

858000022555129

858000022698649

858000000984648

858000022296575

858000020081870

858000020079608

858000020081935

858000022698663

858000020081932

858000020187808

858000022698607

858000020081925

858000020079615

858000020081868

858000022698636

858000022698637

858000022698601

858000020079616

858000020079601

858000022698603

858000022555136

858000020081857

858000022555135

858000022698639

858000022698669

858000022296573

858000020079602

858000022698634

858000020079613

858000020081875

858000020081930

858000022698646

858000022698622

858000022296570

858000020081937

858000022698629

858000020081864

858000022296574

858000022555139

858000022698628

858000020081856

858000020079611

858000022698627

858000022698626

858000020081849

858000022698644

858000020081938

858000020081881

858000022698645

858000020187809

858000022698612

000000000000000

858000007502314

858000012969352

858000002817656

858000007502350

858000006777025

858000000984642

858000003259062

858000003259068

858000006777122

858000002817679

858000004370590

858000006777149

858000006751796

858000002817676

858000004370482

858000006777184

858000007502305

858000000984686

858000007502328

858000009624006

858000006751765

858000000984650

858000006777129

858000000964427

858000006777029

858000006777022

858000000984665

858000009624016

858000000984655

858000012970358

858000009781674

858000006751780

858000006777143

858000000984700

858000008812427

